67
1 0 0 0.456
0 1 0 0.725
0 0 1 -0.15
1 0 0 0.456
0 1 0 0.725
0 0 1 -0.15
1 0 0 0.456
0 1 0 0.730521
0 0 1 -0.141897
1 0 0 0.456
0 1 0 0.737021
0 0 1 -0.132569
1 0 0 0.456
0 1 0 0.745658
0 0 1 -0.120437
1 0 0 0.456
0 1 0 0.756166
0 0 1 -0.106034
1 0 0 0.456
0 1 0 0.768276
0 0 1 -0.0898948
1 0 0 0.456
0 1 0 0.781721
0 0 1 -0.0725534
1 0 0 0.456
0 1 0 0.796236
0 0 1 -0.0545441
1 0 0 0.456
0 1 0 0.811551
0 0 1 -0.0364012
1 0 0 0.456
0 1 0 0.827401
0 0 1 -0.018659
1 0 0 0.456
0 1 0 0.843519
0 0 1 -0.00185185
1 0 0 0.456
0 1 0 0.859636
0 0 1 0.0134861
1 0 0 0.456
0 1 0 0.875486
0 0 1 0.0268205
1 0 0 0.456
0 1 0 0.890801
0 0 1 0.0376172
1 0 0 0.456
0 1 0 0.905316
0 0 1 0.0453418
1 0 0 0.456
0 1 0 0.918761
0 0 1 0.0494602
1 0 0 0.456
0 1 0 0.925
0 0 1 0.05
1 0 0 0.456
0 1 0 0.951179
0 0 1 0.0444792
1 0 0 0.456
0 1 0 0.965421
0 0 1 0.037979
1 0 0 0.456
0 1 0 0.980163
0 0 1 0.0293416
1 0 0 0.456
0 1 0 0.995206
0 0 1 0.0188343
1 0 0 0.456
0 1 0 1.01035
0 0 1 0.00672427
1 0 0 0.456
0 1 0 1.02539
0 0 1 -0.00672148
1 0 0 0.456
0 1 0 1.04013
0 0 1 -0.0212358
1 0 0 0.456
0 1 0 1.05438
0 0 1 -0.0365515
1 0 0 0.456
0 1 0 1.06792
0 0 1 -0.0524014
1 0 0 0.456
0 1 0 1.08056
0 0 1 -0.0685185
1 0 0 0.456
0 1 0 1.09209
0 0 1 -0.0846356
1 0 0 0.456
0 1 0 1.10233
0 0 1 -0.100486
1 0 0 0.456
0 1 0 1.11106
0 0 1 -0.115801
1 0 0 0.456
0 1 0 1.11809
0 0 1 -0.130316
1 0 0 0.456
0 1 0 1.12321
0 0 1 -0.143761
1 0 0 0.456
0 1 0 1.125
0 0 1 -0.15
1 -0 0 0.456
0 0.995473 0.0950456 1.12692
-0 -0.0950456 0.995473 -0.174242
1 -0 0 0.456
0 0.989824 0.142299 1.12508
-0 -0.142299 0.989824 -0.186364
1 -0 0 0.456
0 0.981933 0.18923 1.12163
-0 -0.18923 0.981933 -0.198485
1 -0 0 0.456
0 0.971818 0.235732 1.11678
-0 -0.235732 0.971818 -0.210606
1 -0 0 0.456
0 0.959502 0.2817 1.11073
-0 -0.2817 0.959502 -0.222727
1 -0 0 0.456
0 0.945013 0.32703 1.10367
-0 -0.32703 0.945013 -0.234848
1 -0 0 0.456
0 0.928384 0.371618 1.09582
-0 -0.371618 0.928384 -0.24697
1 -0 0 0.456
0 0.909652 0.415364 1.08736
-0 -0.415364 0.909652 -0.259091
1 -0 0 0.456
0 0.888861 0.458169 1.0785
-0 -0.458169 0.888861 -0.271212
1 -0 0 0.456
0 0.866056 0.499936 1.06944
-0 -0.499936 0.866056 -0.283333
1 -0 0 0.456
0 0.84129 0.54057 1.06039
-0 -0.54057 0.84129 -0.295455
1 -0 0 0.456
0 0.814619 0.579979 1.05153
-0 -0.579979 0.814619 -0.307576
1 -0 0 0.456
0 0.786103 0.618073 1.04307
-0 -0.618073 0.786103 -0.319697
1 -0 0 0.456
0 0.755807 0.654767 1.03522
-0 -0.654767 0.755807 -0.331818
1 -0 0 0.456
0 0.7238 0.689977 1.02816
-0 -0.689977 0.7238 -0.343939
1 -0 0 0.456
0 0.707177 0.707 1.025
-0 -0.707 0.707177 -0.35
0.98116 -0.0672127 0.18112 0.456
-0.0672127 0.760213 0.646161 1.01223
-0.18112 -0.646161 0.741373 -0.375534
0.957802 -0.0948906 0.271305 0.456
-0.0948906 0.786621 0.610078 1.00547
-0.271305 -0.610078 0.744423 -0.389068
0.925455 -0.118202 0.359935 0.456
-0.118202 0.812574 0.570728 0.998531
-0.359935 -0.570728 0.738029 -0.402937
0.884469 -0.136894 0.446052 0.456
-0.136894 0.837791 0.528536 0.991497
-0.446052 -0.528536 0.722261 -0.417006
0.83529 -0.150765 0.528722 0.456
-0.150765 0.861999 0.483959 0.984429
-0.528722 -0.483959 0.697289 -0.431142
0.778448 -0.159665 0.60705 0.456
-0.159665 0.884935 0.43748 0.977394
-0.60705 -0.43748 0.663384 -0.445211
0.714561 -0.163496 0.680188 0.456
-0.163496 0.906352 0.389603 0.97046
-0.680188 -0.389603 0.620912 -0.45908
0.644319 -0.162218 0.747344 0.456
-0.162218 0.926016 0.340846 0.963693
-0.747344 -0.340846 0.570335 -0.472615
0.568483 -0.155844 0.80779 0.456
-0.155844 0.943717 0.291736 0.957159
-0.80779 -0.291736 0.5122 -0.485682
0.487875 -0.144443 0.860873 0.456
-0.144443 0.95926 0.242806 0.950926
-0.860873 -0.242806 0.447135 -0.498148
0.403367 -0.128139 0.906016 0.456
-0.128139 0.972479 0.194586 0.94506
-0.906016 -0.194586 0.375846 -0.50988
0.315875 -0.107109 0.942732 0.456
-0.107109 0.983231 0.147597 0.939628
-0.942732 -0.147597 0.299106 -0.520743
0.226346 -0.0815798 0.970623 0.456
-0.0815798 0.991398 0.10235 0.934698
-0.970623 -0.10235 0.217743 -0.530605
0.135749 -0.0518281 0.989386 0.456
-0.0518281 0.996892 0.0593323 0.930334
-0.989386 -0.0593323 0.132641 -0.539331
0.0450666 -0.0181762 0.998819 0.456
-0.0181762 0.999654 0.0190115 0.926606
-0.998819 -0.0190115 0.0447206 -0.546789
2.22045e-16 0 1 0.456
0 1 0 0.925
-1 0 2.22045e-16 -0.55
2.22045e-16 0 1 0.456
0 1 0 0.925
-1 0 2.22045e-16 -0.55
